23.617
23.993
24.397
24.173
23.943
23.917
23.717
23.660
23.587
23.767
24.203
24.693
25.697
25.947
25.933
26.317
26.417
26.487
26.667
26.697
26.620
26.720
26.843
26.890
26.953
26.910
26.840
26.757
26.793
26.757
26.777
26.857
26.860
27.037
27.317
27.550
27.777
28.013
28.263
28.400
28.737
28.930
28.913
28.943
28.993
29.043
29.193
29.370
29.397
29.573
29.590
29.780
29.840
29.830
29.947
29.990
30.107
30.220
30.307
30.380
30.477
30.533
30.720
30.803
30.930
30.980
31.050
31.193
31.290
31.490
31.583
31.750
32.047
32.337
32.617
32.883
32.967
33.167
33.500
33.867
34.200
34.533
35.000
35.433
35.867
36.433
36.933
37.500
38.100
38.633
39.033
39.600
39.933
40.300
40.700
41.000
41.333
41.600
41.933
42.367
43.033
43.933
44.800
45.933
47.300
48.567
49.933
51.467
52.567
53.200
54.267
55.267
55.900
56.400
57.300
58.133
59.200
60.233
61.067
61.967
63.033
64.467
65.967
67.500
69.200
71.400
73.700
76.033
79.033
81.700
83.233
85.567
87.933
89.767
92.267
93.767
94.600
95.967
97.633
97.933
98.000
99.133
100.100
101.100
102.533
103.500
104.400
105.300
106.267
107.233
107.900
109.000
109.567
109.033
109.700
110.467
111.800
113.067
114.267
115.333
116.233
117.567
119.000
120.300
121.667
123.633
124.600
125.867
128.033
129.300
131.533
133.767
134.767
135.567
136.600
137.733
138.667
139.733
140.800
142.033
143.067
144.100
144.767
145.967
146.700
147.533
148.900
149.767
150.867
152.100
152.867
153.700
155.067
156.400
157.300
158.667
159.633
160.000
160.800
161.667
162.000
162.533
163.367
164.133
164.733
165.967
167.200
168.433
170.100
171.433
173.000
174.233
175.900
177.133
177.633
177.500
178.067
179.467
180.433
181.500
183.367
183.067
184.433
185.133
186.667
188.167
189.433
191.367
192.300
193.633
196.633
198.567
199.433
201.267
203.200
202.433
204.269
206.566
207.989
210.555
212.796
215.426
218.958
213.753