NaN
NaN
NaN
NaN
NaN
NaN
NaN
NaN
NaN
NaN
NaN
NaN
NaN
NaN
NaN
NaN
NaN
NaN
NaN
NaN
NaN
NaN
NaN
NaN
NaN
NaN
NaN
NaN
NaN
NaN
NaN
NaN
NaN
NaN
NaN
NaN
28.600
28.833
29.033
29.267
29.400
29.533
29.633
29.800
29.933
30.100
30.233
30.433
30.567
30.633
30.600
30.767
30.833
30.933
31.067
31.167
31.233
31.367
31.467
31.533
31.600
31.733
31.867
32.033
32.200
32.233
32.300
32.467
32.600
32.700
32.733
32.900
33.067
33.400
33.700
34.033
34.233
34.500
34.867
35.233
35.667
36.033
36.533
37.067
37.567
38.167
38.700
39.233
39.833
40.567
41.100
41.767
42.167
42.600
42.967
43.200
43.567
43.900
44.233
44.467
44.800
45.267
45.733
46.500
47.233
48.467
50.133
51.600
52.700
53.533
54.233
55.167
56.200
56.967
57.900
58.700
59.667
60.633
61.500
62.333
63.433
64.733
66.133
67.600
69.167
70.800
72.633
74.833
77.600
80.200
81.400
83.933
85.900
87.800
90.767
92.533
93.667
95.400
97.000
97.333
97.933
98.900
100.133
101.433
102.833
104.100
105.400
106.467
107.633
108.767
109.733
111.000
112.200
113.133
114.200
115.300
116.233
117.633
118.733
120.100
121.267
122.733
124.100
125.600
126.933
128.300
129.533
131.100
132.767
134.500
136.500
138.067
140.067
141.333
142.867
144.200
145.467
146.733
147.867
149.200
150.500
151.767
152.667
153.867
154.867
155.933
157.100
158.100
159.433
160.733
161.800
162.933
164.033
165.000
166.067
167.133
168.100
169.167
169.900
170.867
171.900
172.867
173.900
174.867
175.633
176.467
177.400
178.400
179.567
180.700
181.900
183.000
184.333
185.467
186.733
187.967
189.000
189.967
190.967
191.833
192.467
192.800
193.567
194.067
195.033
196.200
197.067
198.233
199.467
200.433
201.167
202.433
203.667
205.400
206.867
207.800
208.975
210.025
211.309
212.615
213.931
214.919
216.612
216.822