16.111
16.254
16.556
16.597
16.531
16.350
16.256
16.272
16.222
16.286
16.630
16.950
17.582
17.690
17.700
17.896
17.879
17.913
18.119
18.172
18.172
18.206
18.276
18.316
18.375
18.392
18.425
18.477
18.566
18.644
18.783
18.973
19.165
19.276
19.524
19.599
19.876
20.012
20.131
20.133
20.355
20.419
20.553
20.656
20.704
20.704
20.753
20.840
20.931
21.004
21.084
21.146
21.192
21.237
21.303
21.375
21.501
21.533
21.585
21.653
21.702
21.745
21.788
21.951
22.016
22.073
22.160
22.270
22.383
22.480
22.563
22.707
22.855
23.048
23.291
23.505
23.612
23.741
23.975
24.241
24.506
24.763
25.008
25.362
25.626
25.958
26.332
26.675
27.056
27.428
27.647
28.004
28.425
28.798
29.089
29.322
29.781
29.959
30.250
30.652
31.020
31.500
32.114
32.750
33.376
34.162
35.166
36.218
37.050
37.614
38.313
38.987
39.418
39.840
40.385
41.122
41.796
42.401
42.917
43.852
44.505
45.321
46.072
47.047
47.876
49.058
50.115
51.117
52.195
53.349
54.560
56.071
57.517
58.598
59.641
60.729
61.555
62.302
63.182
63.863
64.388
64.853
65.517
66.012
66.837
67.414
67.953
68.385
69.155
69.550
69.838
70.289
70.652
71.015
71.426
71.893
72.487
72.882
73.425
73.958
74.587
75.300
76.141
76.712
77.580
78.324
78.879
79.425
80.375
81.311
82.031
82.646
83.626
84.165
84.762
85.206
85.721
86.190
86.580
87.029
87.707
88.190
88.570
89.038
89.578
89.954
90.530
90.952
91.530
91.859
92.289
92.733
93.328
93.659
93.951
94.450
95.054
95.206
95.534
95.846
96.089
96.249
96.600
96.934
97.328
97.674
98.013
98.432
99.317
99.745
100.259
100.666
101.478
102.252
102.675
103.191
103.568
103.938
104.328
104.907
105.724
106.062
106.611
107.190
108.175
109.178
109.793
110.671
111.765
112.346
113.468
114.525
115.533
116.317
117.107
117.732
118.956
119.547
119.997
120.743
121.508
121.890
123.056
122.976