NaN
NaN
NaN
NaN
NaN
NaN
NaN
NaN
NaN
NaN
NaN
NaN
NaN
NaN
NaN
NaN
NaN
NaN
NaN
NaN
NaN
NaN
NaN
NaN
NaN
NaN
NaN
NaN
NaN
NaN
NaN
NaN
NaN
NaN
NaN
NaN
NaN
NaN
NaN
NaN
NaN
NaN
NaN
NaN
309.967
316.000
321.200
323.333
326.867
332.733
332.700
334.633
335.133
340.100
342.967
350.300
355.567
361.167
365.067
371.333
374.900
379.033
386.000
390.733
400.333
408.300
417.200
419.800
430.500
437.400
446.600
460.567
471.000
476.133
485.233
491.100
495.400
504.533
511.800
519.333
537.367
551.133
567.367
576.267
588.500
599.867
610.233
622.233
633.367
643.267
655.267
661.967
681.067
695.100
707.533
723.767
741.200
759.767
778.333
803.133
827.700
843.300
861.767
876.933
895.100
923.700
952.500
962.367
988.600
1017.433
1051.233
1080.167
1114.000
1133.700
1163.100
1196.900
1232.500
1260.433
1291.667
1329.867
1359.933
1417.600
1448.667
1487.867
1523.667
1564.300
1618.567
1662.233
1709.067
1711.233
1770.100
1838.100
1893.733
1925.533
1965.133
1979.867
2018.033
2044.433
2092.400
2154.233
2194.100
2258.233
2328.600
2381.300
2427.567
2486.367
2524.967
2574.300
2645.733
2690.067
2758.733
2786.700
2830.300
2861.933
2933.500
2973.200
3008.000
3075.367
3141.567
3175.967
3256.767
3316.400
3384.067
3457.167
3511.300
3573.900
3630.933
3677.833
3762.567
3815.867
3879.600
3901.700
3914.200
3970.300
4015.667
4044.100
4142.533
4193.033
4264.367
4341.100
4379.333
4446.700
4510.700
4574.867
4643.900
4702.833
4778.600
4847.867
4879.067
4946.700
5011.067
5066.367
5142.767
5232.000
5286.433
5366.100
5448.800
5484.633
5589.767
5666.433
5733.367
5834.200
5924.167
6026.167
6101.700
6237.233
6337.200
6453.733
6613.933
6688.100
6783.933
6871.633
6955.833
7017.533
7058.467
7188.367
7230.267
7323.000
7396.567
7453.067
7548.133
7628.400
7782.633
7855.367
8010.100
8134.933
8245.100
8393.333
8480.900
8610.767
8791.067
8893.700
9026.300
9161.900
9283.667
9356.967
9524.833
9657.467
9765.667
9892.700
10002.333
10138.033
10163.467
9930.200