16.356
16.533
16.781
16.725
16.600
16.496
16.403
16.399
16.368
16.454
16.796
17.083
17.636
17.768
17.792
18.024
18.094
18.098
18.225
18.259
18.325
18.351
18.452
18.534
18.627
18.612
18.557
18.543
18.608
18.630
18.706
18.762
18.841
18.969
19.155
19.269
19.443
19.569
19.723
19.822
20.074
20.114
20.137
20.144
20.315
20.365
20.470
20.576
20.616
20.730
20.812
20.909
20.944
20.940
21.016
21.039
21.131
21.209
21.262
21.325
21.386
21.416
21.518
21.596
21.697
21.744
21.815
21.889
21.963
22.072
22.155
22.223
22.396
22.576
22.750
22.927
22.993
23.108
23.322
23.525
23.776
24.019
24.269
24.542
24.783
25.103
25.418
25.716
26.018
26.304
26.562
26.910
27.164
27.472
27.743
27.915
28.214
28.384
28.637
28.876
29.230
29.795
30.337
30.961
31.877
32.764
33.638
34.485
35.132
35.578
36.247
36.862
37.270
37.592
38.166
38.765
39.452
40.130
40.736
41.321
42.018
42.885
43.635
44.456
45.284
46.509
47.650
48.793
50.246
51.457
52.652
53.955
55.349
56.265
57.197
58.068
58.803
59.365
60.294
60.972
61.498
62.063
62.880
63.303
63.978
64.599
65.098
65.506
66.212
66.714
67.144
67.672
68.159
68.200
68.713
69.203
69.984
70.586
71.306
71.911
72.534
73.337
74.213
74.938
75.827
76.815
77.304
77.943
79.096
79.947
80.950
81.998
82.614
83.072
83.660
84.328
84.982
85.526
86.123
86.667
87.116
87.678
87.979
88.443
88.794
89.278
90.070
90.472
90.909
91.412
91.801
92.185
92.758
93.352
93.725
94.352
94.781
94.961
95.218
95.536
95.610
95.771
96.088
96.443
96.687
97.319
97.855
98.438
99.296
99.777
100.239
100.687
101.502
102.146
102.291
102.437
102.673
103.385
103.841
104.268
105.059
105.235
105.851
106.242
107.163
108.179
108.703
109.521
110.187
110.881
112.168
113.089
113.581
114.499
115.381
115.239
116.202
117.246
117.969
119.221
120.283
121.544
123.041
121.300