27.367
27.533
28.100
27.733
26.967
26.267
26.033
25.967
26.033
26.367
27.867
29.100
30.767
30.667
30.167
30.100
29.867
29.567
29.667
29.300
29.133
29.033
29.367
29.167
29.333
29.333
29.267
29.100
29.233
29.233
29.433
29.533
29.800
30.233
30.400
30.700
31.000
31.067
31.333
31.300
31.567
31.633
31.600
31.567
31.700
31.767
31.667
31.533
31.667
31.733
31.633
31.700
31.800
31.467
31.500
31.533
31.700
31.533
31.700
31.667
31.533
31.500
31.633
31.633
31.667
31.533
31.633
31.700
31.867
32.167
32.400
32.633
33.100
33.233
33.567
33.333
33.367
33.300
33.433
33.500
33.967
34.167
34.300
34.500
35.000
35.500
35.767
36.100
36.633
36.833
37.033
37.100
37.600
38.067
38.367
38.400
39.067
39.500
40.100
40.500
42.467
44.533
46.367
46.733
49.867
51.600
55.267
57.200
57.167
57.800
59.033
59.667
59.933
60.867
61.600
62.133
63.467
65.033
65.133
65.867
67.467
69.500
70.600
72.200
74.833
77.467
79.900
82.700
86.533
88.267
91.167
93.267
96.100
98.267
98.933
98.833
99.700
99.800
100.233
100.333
100.367
100.733
101.700
102.200
103.333
104.033
103.800
103.533
103.267
103.367
102.667
103.300
101.733
99.833
99.367
99.733
100.900
102.500
103.667
104.167
104.767
106.500
108.000
108.500
110.933
112.800
112.400
112.833
114.500
114.333
116.467
119.867
117.467
116.300
116.133
116.233
115.900
117.167
117.867
117.833
118.367
119.500
118.867
118.900
119.367
120.033
120.967
121.433
123.433
124.933
125.200
125.467
126.300
127.833
128.167
128.433
128.500
127.200
127.200
127.500
125.033
124.933
124.300
123.467
122.600
124.500
126.867
127.933
129.633
132.033
133.767
135.533
137.767
136.233
133.367
129.400
128.900
130.833
131.667
133.067
138.033
137.167
138.067
139.233
142.200
146.267
147.700
150.533
152.067
154.533
158.700
164.300
162.767
165.400
166.700
164.133
166.700
172.833
173.667
177.433
183.867
196.000
200.567
178.400