3.400	1042.600	15.200	1616.069	NaN	15.983	39013.667	56.467	48.400	68.067	35.367	1.160	0.990	NaN	2.847	172.920	NaN	NaN
3.900	1054.300	16.300	1644.637	NaN	16.153	39045.333	56.633	49.300	75.033	40.133	1.180	1.000	NaN	2.767	186.903	NaN	NaN
3.600	1056.100	16.100	1654.061	NaN	16.303	39419.667	56.767	45.200	73.433	32.100	1.223	1.050	NaN	2.830	180.447	NaN	NaN
3.700	1064.800	15.000	1657.988	NaN	16.133	39295.333	56.600	41.533	51.700	24.800	1.250	1.140	NaN	2.823	178.927	NaN	NaN
4.300	1066.100	14.000	1633.249	NaN	15.612	38570.333	56.133	32.900	34.233	14.033	1.260	1.170	NaN	2.707	176.427	NaN	NaN
5.300	1082.600	13.700	1628.439	NaN	15.121	38028.333	55.367	33.167	14.833	15.567	1.257	1.170	NaN	2.707	169.947	NaN	NaN
6.700	1085.000	14.500	1646.698	NaN	15.151	37666.000	55.133	46.100	39.667	31.767	1.250	1.043	NaN	2.630	179.030	NaN	NaN
7.900	1100.200	16.300	1629.911	NaN	15.081	37279.333	55.267	53.100	47.700	49.933	1.243	1.077	NaN	2.597	193.870	NaN	NaN
6.500	1118.900	18.100	1696.765	NaN	15.873	37614.000	55.100	60.567	70.100	65.433	1.273	1.103	NaN	2.577	203.760	NaN	NaN
5.800	1136.800	20.400	1747.322	NaN	17.205	38672.667	55.933	73.133	92.800	76.067	1.300	1.153	NaN	2.610	215.363	NaN	NaN
5.000	1195.300	22.300	1815.845	NaN	18.588	39859.000	56.500	73.800	86.633	81.600	1.320	1.220	NaN	2.633	217.543	NaN	NaN
4.200	1160.100	21.300	1848.928	NaN	18.909	40506.667	56.833	63.133	87.000	78.967	1.377	1.337	NaN	2.670	229.343	NaN	NaN
3.700	1187.400	20.800	1871.311	NaN	19.290	41197.667	57.200	67.533	82.733	89.033	1.417	1.367	NaN	2.700	249.803	NaN	NaN
3.100	1154.500	18.200	1903.118	NaN	19.350	41502.667	57.333	49.900	61.400	49.133	1.440	1.490	NaN	2.900	250.473	NaN	NaN
3.100	1167.900	17.200	1941.109	NaN	18.889	41471.667	57.367	44.600	45.100	36.867	1.453	1.603	NaN	2.887	266.423	NaN	NaN
3.500	1174.900	17.500	1944.447	NaN	19.019	41525.000	57.367	47.767	55.533	38.567	1.483	1.610	NaN	2.953	264.283	NaN	NaN
3.200	1178.100	18.000	1964.670	NaN	19.460	41808.000	57.500	42.167	49.733	25.000	1.507	1.567	NaN	2.957	266.743	NaN	NaN
2.900	1200.700	18.500	1966.044	NaN	19.179	41826.333	57.233	39.833	40.600	24.933	1.517	1.647	NaN	2.933	264.943	NaN	NaN
3.200	1206.000	18.500	1978.806	NaN	19.741	42065.333	57.067	54.933	57.567	43.767	1.523	1.783	NaN	2.947	275.070	NaN	NaN
3.000	1248.300	19.400	2043.795	NaN	21.153	43008.667	57.333	56.267	50.667	43.933	1.577	1.893	NaN	2.987	281.597	NaN	NaN
2.900	1263.400	19.700	2082.277	NaN	21.574	43527.667	57.967	55.100	57.633	41.700	1.607	1.980	NaN	3.070	284.637	NaN	NaN
2.700	1271.200	19.800	2098.083	NaN	21.875	43741.333	57.333	49.500	70.433	35.667	1.623	2.153	0.844	3.323	271.763	NaN	NaN
2.600	1268.200	19.200	2085.419	NaN	21.895	43720.667	57.100	43.333	53.867	26.067	1.637	1.957	0.960	3.270	266.880	NaN	NaN
3.100	1259.700	18.900	2052.532	NaN	20.863	43198.000	56.300	36.633	46.600	20.900	1.650	1.473	1.170	3.133	279.360	NaN	NaN
4.900	1264.300	19.000	2042.420	NaN	20.201	42555.667	55.867	40.933	42.900	26.167	1.660	1.060	1.380	2.957	296.813	NaN	NaN
5.900	1280.100	20.300	2044.286	NaN	20.121	42185.667	55.433	49.967	49.267	33.467	1.663	0.790	1.557	2.877	326.783	NaN	NaN
5.800	1297.100	21.800	2066.865	NaN	20.221	41962.000	55.233	51.267	53.733	39.367	1.653	0.883	1.464	2.883	348.060	NaN	NaN
5.700	1324.000	23.200	2107.801	NaN	20.783	42211.000	55.400	60.267	58.133	51.967	1.680	1.020	1.453	2.887	381.100	NaN	NaN
4.900	1353.500	25.000	2168.470	NaN	21.905	42763.333	55.733	66.100	72.833	65.433	1.703	1.223	1.424	2.960	410.133	NaN	NaN
4.700	1379.100	25.600	2204.008	NaN	22.857	43526.000	56.267	67.167	77.367	68.767	1.727	1.483	1.280	3.033	433.963	NaN	NaN
4.000	1396.100	25.200	2233.360	NaN	23.208	44073.333	57.067	64.467	80.700	65.867	1.750	1.857	1.090	3.100	466.883	NaN	NaN
4.300	1413.300	24.200	2245.337	NaN	23.759	44498.333	57.433	63.767	79.267	64.267	1.780	2.337	0.573	3.117	475.510	NaN	NaN
4.000	1415.500	23.700	2234.833	NaN	23.849	44935.333	57.533	58.533	84.633	51.933	1.797	2.327	0.573	3.097	488.727	NaN	NaN
4.000	1420.200	23.900	2252.504	NaN	23.749	45151.333	57.533	51.600	78.300	43.533	1.823	2.567	0.516	3.260	495.650	NaN	NaN
4.400	1423.400	23.500	2249.755	NaN	23.618	44949.667	57.567	50.400	76.833	47.833	1.837	2.583	0.690	3.423	498.367	NaN	NaN
3.900	1442.800	23.000	2286.470	NaN	24.480	45292.333	57.367	53.467	79.033	41.400	1.890	3.033	0.440	3.677	484.033	NaN	NaN
4.200	1452.700	22.600	2300.312	NaN	24.711	45401.333	57.367	50.700	76.433	31.267	1.913	3.097	0.306	3.700	472.863	NaN	NaN
3.900	1455.100	22.200	2294.618	NaN	24.400	45445.667	57.167	44.133	59.833	29.633	1.923	3.140	0.487	3.773	500.860	NaN	NaN
4.200	1467.000	22.000	2317.001	NaN	24.490	45307.333	57.133	45.600	69.133	32.133	1.930	3.353	0.574	4.070	483.057	NaN	NaN
4.500	1467.800	21.900	2292.459	NaN	23.458	44774.667	56.600	39.433	56.933	29.233	1.957	3.310	0.323	3.997	442.200	NaN	NaN
5.800	1447.300	20.900	2230.219	NaN	22.135	43817.333	55.567	36.800	48.300	31.767	1.957	1.757	1.283	3.607	445.567	NaN	NaN
7.400	1458.900	21.000	2243.374	NaN	21.765	43054.333	55.267	45.700	45.967	37.733	1.973	0.957	1.966	3.580	465.580	NaN	NaN
7.500	1482.200	22.500	2295.207	NaN	22.917	43258.667	55.333	57.267	60.033	46.267	1.983	1.680	1.820	3.870	514.570	NaN	NaN
6.700	1500.900	24.900	2348.023	NaN	23.949	43785.667	55.533	61.833	67.600	54.867	2.023	2.690	1.110	4.093	561.443	NaN	NaN
6.000	1525.900	27.800	2392.886	1648.000	25.001	44610.333	55.733	66.133	64.867	65.133	2.057	2.773	1.217	4.130	599.723	139.333	NaN
5.200	1551.700	28.800	2455.813	1530.333	26.214	45369.667	56.267	66.500	66.067	63.833	2.083	3.000	1.257	4.353	637.047	140.533	NaN
5.100	1569.200	28.300	2453.948	1505.667	25.142	45325.000	56.133	54.967	57.700	58.000	2.067	3.540	0.963	4.473	656.990	141.533	NaN
5.700	1571.400	27.500	2462.587	1457.333	25.262	45417.333	56.033	52.833	63.933	55.600	2.087	4.230	0.353	4.570	661.713	140.300	NaN
5.200	1585.600	28.400	2517.365	1357.333	26.785	46029.000	55.867	53.867	60.667	35.567	2.140	3.873	0.614	4.553	623.110	139.900	1.700
5.200	1605.100	26.100	2504.800	1269.000	26.204	46077.667	56.433	44.100	56.667	32.000	2.140	2.993	1.267	4.453	622.607	139.600	1.600
5.500	1598.500	25.300	2508.726	1212.667	25.773	45798.333	56.233	45.567	49.633	37.033	2.140	2.360	1.473	4.313	607.620	140.900	1.400
6.100	1600.300	25.300	2476.232	1185.000	25.152	45411.333	55.867	44.867	46.167	38.067	2.157	2.307	1.580	4.320	597.823	140.833	1.200
6.600	1600.200	25.300	2491.154	1240.333	24.771	45046.333	55.600	45.533	49.867	40.800	2.170	2.350	1.437	4.270	662.303	141.533	1.900
7.000	1624.200	25.500	2537.981	1258.667	25.753	45135.000	55.333	58.200	52.267	48.233	2.193	2.303	1.487	4.283	686.463	142.567	1.900
7.000	1632.100	26.900	2579.114	1358.667	26.575	45508.667	55.167	60.633	52.333	50.233	2.193	2.303	1.677	4.437	708.840	143.400	1.900
6.500	1664.900	27.800	2631.831	1388.333	27.506	45894.000	55.367	61.800	54.567	53.100	2.237	2.460	1.513	4.410	718.887	144.700	1.900
5.800	1682.700	28.400	2679.149	1360.667	27.917	46241.333	55.600	60.867	56.200	56.767	2.263	2.723	1.294	4.410	705.000	145.633	2.300
5.600	1703.100	29.200	2708.404	1470.333	28.188	46663.667	55.567	52.700	52.433	45.300	2.270	2.717	1.156	4.297	613.323	146.600	1.900
5.400	1717.000	29.200	2733.339	1430.333	28.488	46794.333	55.567	50.167	48.233	44.633	2.263	2.840	1.150	4.337	595.363	146.467	1.700
5.400	1741.500	29.100	2740.014	1573.000	28.729	46912.667	55.300	54.067	46.100	48.500	2.297	2.813	1.090	4.257	630.390	147.267	1.900
5.700	1753.100	30.200	2775.944	1411.333	29.260	46996.333	55.200	55.000	49.233	52.100	2.313	2.907	0.986	4.197	676.103	148.800	2.500
5.700	1770.000	32.200	2810.598	1639.333	30.032	47333.333	55.367	58.533	60.267	56.967	2.333	2.940	1.023	4.220	717.180	150.167	2.400
5.600	1794.000	32.500	2863.512	1672.000	30.232	47554.667	55.433	55.833	59.533	47.267	2.333	3.293	0.740	4.287	719.180	151.700	2.400
5.500	1809.300	33.700	2885.796	1630.667	30.743	47813.000	55.400	56.400	69.167	47.900	2.370	3.497	0.623	4.333	756.233	153.200	2.300
5.600	1845.200	35.400	2950.490	1646.667	31.164	48127.667	55.467	58.400	60.233	55.833	2.383	3.530	0.650	4.377	799.590	154.167	2.500
5.300	1877.900	34.200	2984.751	1488.333	31.895	48416.667	55.867	59.333	61.533	58.900	2.403	3.477	0.723	4.407	820.943	155.233	2.500
4.900	1912.600	33.700	3025.492	1528.667	32.407	48913.333	55.700	63.167	62.467	66.633	2.413	3.497	0.696	4.410	851.650	157.767	2.500
5.100	1918.000	33.800	3033.640	1498.000	32.898	49270.000	55.633	61.633	68.967	69.767	2.423	3.683	0.490	4.430	874.213	159.833	2.500
4.900	1960.300	33.900	3108.151	1405.667	34.140	49821.667	55.767	62.667	66.667	67.500	2.467	3.890	0.313	4.420	898.463	161.033	2.500
4.800	1982.000	34.200	3150.167	1468.000	34.932	50389.000	56.100	60.667	70.633	69.200	2.483	3.873	0.334	4.443	902.793	161.967	2.600
4.400	2016.000	34.300	3214.076	1481.000	35.663	50957.000	56.333	59.067	69.533	63.900	2.487	3.867	0.380	4.497	901.807	163.900	2.700
4.200	2072.700	34.500	3291.826	1522.667	36.385	51574.333	56.467	60.267	68.733	65.900	2.530	4.167	0.306	4.613	958.930	166.833	2.700
4.000	2103.200	34.800	3372.325	1380.667	37.427	52223.667	56.633	65.667	80.833	80.467	2.557	4.610	0.160	4.813	953.390	169.733	2.600
3.800	2109.000	33.200	3384.007	1270.333	38.208	52925.000	56.800	60.300	82.900	75.167	2.583	4.587	0.193	5.003	895.950	171.567	3.900
3.800	2133.100	31.900	3406.292	1083.667	38.800	53470.000	57.000	59.167	77.633	73.267	2.597	5.043	0.097	5.320	803.337	171.033	4.800
3.700	2142.000	29.200	3433.681	931.333	39.170	53828.667	57.267	54.433	69.933	63.067	2.650	5.210	-0.207	5.383	794.783	171.533	4.400
3.900	2154.600	28.300	3464.114	1082.000	38.955	54099.667	56.967	47.333	62.900	45.367	2.667	4.513	0.070	5.120	851.747	173.233	3.900
3.800	2183.400	31.600	3464.310	1214.333	38.796	54130.667	57.133	44.700	56.933	35.933	2.690	3.660	1.160	5.263	869.957	175.633	4.300
3.800	2194.500	33.400	3491.798	1397.333	39.063	54478.333	57.400	52.200	75.533	44.067	2.710	4.300	0.947	5.617	910.730	179.500	4.700
4.000	2207.800	36.000	3518.205	1445.667	40.108	54918.667	57.533	54.633	80.700	50.800	2.757	4.753	0.890	6.027	886.887	182.433	5.100
3.700	2260.300	36.900	3590.655	1455.333	40.680	55286.667	57.233	55.133	76.800	52.833	2.830	5.050	0.560	6.127	845.547	184.833	4.800
3.500	2295.100	38.200	3651.618	1455.667	41.229	55780.333	57.667	55.600	70.367	49.433	2.870	5.520	0.223	6.253	903.007	188.000	4.500
3.700	2338.200	38.900	3676.455	1521.000	41.549	56271.333	57.533	52.867	71.267	50.700	2.890	5.197	0.263	6.077	904.933	191.667	5.100
3.400	2348.600	40.900	3691.966	1582.333	42.180	56865.667	57.600	56.667	72.367	57.533	2.963	5.587	0.183	6.243	960.407	195.800	3.900
3.400	2375.000	43.200	3750.180	1678.333	43.000	57460.000	57.800	56.333	78.700	61.400	3.003	6.093	0.084	6.700	928.913	199.333	4.500
3.400	2390.000	43.400	3760.881	1545.000	43.188	58049.333	57.900	55.800	79.667	65.267	3.040	6.197	0.156	6.887	920.310	200.933	5.500
3.500	2401.000	43.200	3784.245	1411.000	43.706	58520.333	58.067	54.000	82.833	68.300	3.090	7.023	-0.166	7.063	821.760	201.833	5.500
3.700	2419.800	40.700	3766.280	1312.333	43.432	58697.333	58.100	53.267	83.100	65.900	3.147	7.353	-0.056	7.467	822.883	203.467	4.100
3.900	2434.400	40.700	3759.997	1236.333	42.380	58771.333	57.933	47.667	74.300	54.967	3.177	7.210	0.157	7.893	769.073	205.633	5.500
4.600	2445.700	39.400	3767.066	1313.000	42.147	58486.000	57.567	47.767	75.733	60.667	3.217	6.677	1.036	8.140	706.680	207.167	6.100
5.000	2467.100	40.400	3800.541	1483.333	41.996	58262.333	57.200	46.967	70.533	47.467	3.263	6.327	1.133	8.220	753.127	209.900	4.300
5.500	2460.100	45.000	3759.801	1706.667	41.088	57750.000	56.867	42.500	66.800	38.100	3.287	5.353	1.500	7.907	796.207	213.667	5.400
5.900	2507.400	48.600	3864.057	1826.333	41.880	57955.667	56.600	51.300	65.567	43.000	3.387	3.840	2.177	7.217	883.900	217.233	5.200
5.900	2530.500	54.600	3885.851	2020.333	42.260	58204.667	56.467	54.167	73.500	48.733	3.433	4.250	1.997	7.473	913.567	221.833	4.700
6.000	2550.700	58.300	3916.676	2094.000	42.390	58394.667	56.567	54.367	65.767	48.667	3.463	5.010	1.473	7.557	881.230	225.667	3.500
5.800	2593.200	61.500	3927.867	2201.667	43.373	58713.667	56.733	54.967	56.900	51.700	3.520	4.230	1.660	7.300	853.513	227.767	4.000
5.800	2627.600	66.600	3997.666	2406.000	45.188	59383.000	56.767	60.000	75.767	54.967	3.613	3.437	2.596	7.233	923.667	232.233	4.200
5.700	2677.300	68.200	4092.105	2241.333	46.063	60070.333	56.967	59.767	71.667	56.267	3.670	3.770	2.373	7.277	947.973	236.033	3.000
5.600	2718.400	69.600	4131.079	2371.667	46.688	60509.000	57.033	62.300	69.500	63.367	3.713	4.220	2.070	7.207	947.247	240.967	3.900
5.600	2781.700	74.300	4198.718	2424.000	48.303	61324.667	57.167	69.133	74.833	76.067	3.807	4.863	1.510	7.137	997.917	246.867	3.900
4.900	2832.000	77.900	4305.330	2378.333	49.664	62259.000	57.467	70.433	86.900	75.467	3.877	5.700	0.903	7.220	968.367	251.800	6.800
5.000	2830.500	75.800	4355.102	2139.000	50.066	62840.667	57.800	65.833	88.400	86.300	3.930	6.603	0.204	7.307	904.850	254.767	6.100
4.800	2840.600	75.000	4331.934	2016.000	50.515	63232.333	57.867	61.333	82.600	87.333	3.993	8.323	-1.116	7.587	920.357	257.700	7.600
4.600	2832.200	72.700	4373.263	1642.333	51.248	63822.333	58.167	65.967	94.900	92.767	4.077	7.500	-0.747	7.650	876.563	260.967	6.400
5.100	2807.800	69.000	4335.370	1586.000	50.797	64091.667	58.200	60.833	94.300	89.833	4.130	7.617	-0.564	7.897	854.253	265.267	10.000
5.100	2819.000	67.500	4347.936	1515.333	50.844	64294.000	58.000	56.767	91.467	76.567	4.230	8.153	-0.610	8.363	813.777	267.767	9.400
5.500	2831.600	67.400	4305.821	1202.667	50.627	64276.333	57.833	51.300	85.833	62.433	4.367	8.190	-0.227	8.987	681.293	270.133	9.300
6.000	2790.800	60.000	4288.936	1023.667	48.638	63656.000	57.267	37.167	70.467	34.167	4.507	7.360	0.310	9.017	633.473	273.400	10.700
8.100	2814.600	57.700	4237.593	976.333	45.414	62246.667	56.167	32.233	47.867	17.567	4.587	5.750	1.790	8.707	736.963	275.100	6.800
8.800	2860.500	59.900	4268.614	1071.000	44.813	61733.000	55.900	41.267	44.000	23.100	4.643	5.393	2.657	8.873	844.207	279.267	3.400
8.600	2901.200	64.600	4340.867	1250.000	45.975	62199.667	56.067	51.000	65.133	35.867	4.737	6.330	1.967	8.913	820.243	284.500	7.800
8.400	2931.400	68.700	4397.806	1341.667	46.968	62827.333	56.067	54.967	70.167	44.267	4.843	5.627	2.436	8.810	849.707	286.433	7.200
7.900	2989.700	76.200	4496.761	1442.000	48.380	63811.667	56.533	59.567	72.567	55.600	4.943	4.917	2.836	8.557	982.447	290.633	5.800
7.700	3016.300	80.700	4530.335	1449.667	48.997	64353.667	56.867	59.200	78.000	58.067	5.023	5.157	2.616	8.533	991.620	295.600	5.800
7.800	3047.900	80.600	4552.030	1557.000	49.622	64723.667	56.967	54.667	76.000	53.933	5.150	5.150	2.580	8.463	982.857	298.600	6.200
7.700	3088.000	92.500	4584.623	1691.333	50.547	65138.000	56.967	53.933	70.867	49.833	5.263	4.673	2.517	8.183	972.267	303.933	5.700
7.500	3124.600	97.600	4639.990	1844.333	51.567	65969.333	57.200	56.067	79.367	56.667	5.377	4.630	2.723	8.033	936.640	311.233	8.400
7.200	3141.500	111.700	4731.092	1918.667	53.126	66964.333	57.767	57.800	75.467	54.433	5.483	4.840	2.530	8.013	913.953	317.333	7.600
6.900	3171.400	115.000	4815.812	2009.000	53.749	67804.000	57.967	55.500	68.267	56.167	5.603	5.497	1.860	7.947	866.223	322.333	7.300
6.800	3219.100	116.900	4815.321	2075.333	54.134	68619.667	58.500	57.100	64.567	55.667	5.740	6.110	1.487	8.103	826.407	328.633	6.800
6.400	3237.300	121.000	4830.832	1829.333	53.960	69330.333	58.800	56.100	72.600	59.300	5.863	6.393	1.617	8.450	756.467	335.567	7.400
6.100	3306.400	130.600	5021.183	2114.000	56.080	70713.333	59.333	59.467	80.933	58.533	5.953	6.477	1.843	8.670	832.293	343.900	8.300
6.200	3320.800	135.800	5070.661	2019.333	56.566	71564.333	59.400	61.000	85.067	60.000	6.087	7.313	1.177	8.753	868.303	349.800	8.900
5.800	3347.800	139.000	5137.416	2039.667	57.596	72452.000	59.767	60.267	85.133	64.233	6.280	8.570	0.250	9.027	798.830	355.333	8.600
5.900	3365.300	138.500	5147.430	1665.667	57.865	73168.333	60.000	58.133	86.667	65.700	6.413	9.383	-0.276	9.293	836.740	360.333	10.400
5.800	3364.000	140.600	5152.338	1845.667	57.779	73768.000	59.833	54.433	87.300	66.900	6.493	9.377	-0.264	9.390	839.737	370.333	11.700
5.700	3397.300	143.500	5189.446	1790.000	57.574	74108.667	59.933	50.133	87.900	53.667	6.613	9.673	-0.570	9.290	870.877	378.433	11.000
6.000	3407.100	141.400	5204.662	1567.667	57.783	74411.333	60.000	47.267	86.400	45.300	6.767	11.843	-1.396	10.543	825.597	381.133	11.000
6.300	3401.700	134.000	5221.253	1246.000	58.043	74649.000	59.900	46.667	83.833	42.400	6.887	13.353	-1.366	12.143	841.580	388.100	12.600
6.900	3325.800	111.700	5115.917	1058.000	55.588	73959.333	59.133	32.367	70.567	33.033	7.020	9.617	0.860	11.203	845.277	385.900	10.200
7.800	3362.000	116.300	5107.376	1392.000	54.696	73657.000	58.833	43.533	64.767	39.200	7.213	9.153	1.800	11.577	933.443	399.333	9.400
7.500	3406.800	130.800	5202.110	1505.000	56.789	74337.333	58.967	55.567	75.500	47.800	7.473	13.613	-1.190	12.830	960.607	409.400	10.200
7.500	3421.300	131.300	5307.544	1366.333	56.907	74777.667	59.233	49.200	73.267	48.967	7.637	14.390	-1.430	13.163	975.240	415.033	8.500
7.200	3422.100	128.900	5266.117	1181.667	57.110	75142.333	59.367	51.933	69.067	49.767	7.803	14.907	-1.157	13.983	988.793	425.767	8.600
7.200	3435.700	120.400	5329.829	964.000	57.701	75435.667	58.967	45.833	66.100	46.800	7.940	15.053	-0.206	14.920	894.597	426.933	8.000
7.900	3409.700	109.600	5263.368	873.333	56.398	75065.667	58.533	37.967	56.867	39.800	8.087	11.750	2.337	14.617	872.177	432.133	7.900
8.600	3432.200	104.800	5177.077	880.000	55.262	74484.667	58.167	37.767	43.167	39.100	8.247	12.813	1.480	15.010	839.420	442.433	6.200
9.300	3444.300	102.900	5204.859	948.000	54.570	74020.333	57.967	37.200	38.900	41.833	8.320	12.420	1.510	14.510	826.610	447.100	5.200
9.800	3470.800	103.500	5185.225	1118.667	53.762	73430.000	57.700	38.500	40.400	45.667	8.410	9.317	3.800	13.753	868.720	452.100	5.800
10.400	3533.900	111.500	5189.839	1282.667	52.739	72835.333	57.300	40.467	39.133	47.333	8.470	7.907	2.760	11.877	1025.847	470.267	5.300
10.400	3568.500	131.200	5253.845	1630.333	53.338	72976.000	57.133	51.433	46.767	49.133	8.583	8.107	2.456	11.843	1105.963	484.033	4.100
10.200	3639.500	147.000	5372.336	1660.333	54.568	73657.667	57.467	55.933	59.133	53.800	8.640	8.397	2.146	11.570	1216.047	499.067	4.500
9.400	3704.100	162.400	5478.360	1801.667	56.464	74568.000	58.233	63.067	66.867	59.933	8.703	9.140	2.487	12.343	1216.170	510.367	4.800
8.800	3762.500	170.800	5590.469	1729.333	57.927	75858.333	58.633	66.767	69.600	64.133	8.843	8.800	2.887	12.410	1253.287	519.200	5.100
8.000	3794.900	176.600	5699.830	1940.000	59.624	77046.333	59.000	60.233	69.700	63.800	8.953	9.170	2.773	12.283	1180.033	528.000	4.900
7.700	3849.300	181.400	5797.902	1822.667	60.543	78004.000	59.633	59.233	66.133	61.100	9.000	9.797	3.403	13.213	1136.000	537.300	5.300
7.500	3879.100	181.400	5854.251	1672.000	60.947	78820.333	59.700	53.033	57.800	55.700	9.060	10.320	2.547	12.990	1182.123	541.667	4.400
7.400	3930.200	183.000	5902.354	1630.333	60.990	79597.000	59.800	50.567	52.467	48.733	9.187	8.803	2.940	12.350	1202.630	547.600	5.000
7.300	3996.200	183.300	5956.937	1714.333	61.167	80191.000	60.033	49.333	46.200	48.567	9.317	8.183	3.400	12.257	1279.187	562.400	4.400
7.300	4032.600	185.100	6007.789	1725.667	61.220	80781.667	60.000	47.700	45.067	47.067	9.370	7.460	3.353	11.630	1302.977	575.933	4.800
7.400	4109.100	188.800	6101.737	1701.000	61.131	81197.000	60.067	48.500	44.633	47.267	9.403	7.107	3.230	11.030	1336.697	596.200	4.100
7.100	4118.400	195.500	6148.564	1824.667	61.501	81731.333	60.367	51.200	46.933	49.267	9.513	7.167	2.593	10.577	1464.370	613.267	4.700
6.700	4152.700	206.300	6207.368	1898.667	61.845	82069.333	60.467	51.067	49.033	50.133	9.577	6.897	1.660	9.573	1699.553	626.700	3.600
7.100	4196.700	219.800	6232.008	1878.000	61.473	82372.333	60.567	51.200	47.867	50.267	9.577	6.140	1.463	9.003	1851.137	651.200	3.500
7.000	4269.500	226.100	6291.695	1758.667	61.732	82809.000	60.800	51.000	52.633	50.100	9.577	5.523	1.784	8.830	1813.743	678.800	3.700
7.000	4296.700	228.300	6323.404	1712.333	62.430	83287.667	60.933	50.967	57.000	52.033	9.650	5.353	1.910	8.677	1895.963	708.333	3.800
6.600	4298.600	230.100	6365.028	1761.333	63.263	83844.333	61.100	54.167	62.100	51.533	9.710	5.537	1.656	8.367	2228.907	731.567	3.900
6.300	4357.300	232.900	6435.023	1612.000	64.366	84567.333	61.433	56.700	68.600	54.533	9.730	5.657	2.686	9.167	2332.153	744.300	4.300
6.100	4406.300	234.200	6493.434	1625.000	65.505	85252.000	61.667	58.967	76.333	60.233	9.767	6.043	2.834	9.757	2610.433	745.167	4.300
6.000	4417.100	237.500	6606.820	1523.667	67.116	86056.000	61.900	60.167	79.167	63.267	9.873	5.863	3.260	10.213	1921.970	753.200	4.000
5.700	4490.600	234.400	6639.118	1425.333	67.690	86721.000	62.000	56.100	78.133	60.167	9.940	5.723	2.694	9.557	2005.967	758.567	4.200
5.400	4522.700	238.400	6723.544	1490.667	68.283	87490.667	62.167	56.867	81.067	60.367	10.017	6.210	2.700	9.810	2068.387	772.700	5.000
5.400	4560.500	240.000	6759.376	1484.000	68.637	88150.667	62.367	56.267	77.333	57.000	10.057	7.010	2.090	9.963	2091.097	782.800	5.500
5.400	4614.000	244.400	6848.612	1551.333	69.186	88848.000	62.600	55.700	70.733	53.300	10.193	7.727	1.230	9.510	2143.910	784.967	5.200
5.400	4631.200	244.600	6918.116	1489.333	69.442	89566.333	62.900	53.433	68.767	53.467	10.270	8.540	0.667	9.687	2298.110	784.167	5.200
5.200	4653.000	240.200	6963.471	1355.667	69.131	89997.667	62.933	49.600	58.233	49.267	10.303	8.410	0.363	9.487	2446.337	775.900	5.300
5.200	4697.300	238.400	7013.144	1346.000	68.702	90170.667	62.967	45.667	44.600	44.667	10.367	7.843	0.264	8.967	2696.917	779.400	4.700
5.300	4718.800	234.800	7030.913	1337.333	69.007	90598.333	62.967	47.000	40.967	43.100	10.460	7.653	0.254	8.890	2701.517	789.167	4.600
5.400	4757.100	239.200	7112.100	1425.667	69.544	91178.667	63.200	48.733	48.500	46.600	10.607	7.760	0.663	9.193	2641.667	798.367	5.100
5.400	4773.000	230.900	7130.261	1212.333	70.019	91245.333	63.000	49.567	51.400	48.400	10.743	7.747	0.930	9.397	2804.703	806.467	4.600
5.500	4792.600	218.800	7130.752	1132.000	70.255	91124.333	62.667	45.733	58.233	48.467	10.820	7.477	1.226	9.403	2657.347	815.267	5.500
5.900	4758.300	207.000	7076.857	1042.667	69.176	90754.333	62.333	41.767	65.500	47.967	10.933	6.990	1.407	9.293	2545.213	822.200	5.600
6.400	4738.100	195.200	7040.828	894.667	67.849	90262.333	61.900	39.767	45.767	44.333	10.973	6.023	1.994	8.933	2844.143	832.867	4.600
6.700	4779.400	200.700	7086.477	1011.000	68.280	89753.000	61.767	45.867	38.867	46.033	11.090	5.560	2.570	8.910	2940.707	849.567	4.400
6.800	4800.100	210.300	7120.738	1042.333	69.202	89688.333	61.567	52.800	41.900	48.900	11.180	5.377	2.563	8.787	3028.397	866.133	3.800
7.000	4795.900	214.200	7154.116	1087.000	69.324	89646.667	61.367	49.800	48.833	49.900	11.277	4.540	2.807	8.447	3044.203	887.533	4.200
7.300	4875.000	224.400	7228.234	1241.000	69.264	89587.333	61.433	51.533	46.667	49.433	11.280	3.893	3.410	8.280	3242.177	924.133	3.100
7.400	4903.000	235.100	7297.935	1152.667	70.491	89806.667	61.533	53.967	53.200	49.400	11.390	3.680	3.697	8.277	3358.173	949.533	3.600
7.700	4951.800	237.300	7369.500	1183.667	70.988	89973.667	61.533	52.333	53.367	51.333	11.427	3.083	3.534	7.980	3307.597	975.000	3.900
7.300	5009.400	248.600	7450.687	1228.333	71.671	90378.667	61.367	52.700	45.667	50.467	11.503	3.070	3.673	8.023	3277.517	1014.800	3.700
7.300	5027.300	252.600	7459.718	1167.667	72.283	90966.000	61.433	54.833	52.433	52.233	11.567	2.960	3.320	7.733	3371.983	1034.133	4.300
7.100	5071.900	257.900	7497.514	1266.000	72.506	91506.667	61.667	50.333	51.867	51.567	11.657	2.967	3.023	7.407	3490.353	1062.867	4.400
6.900	5127.300	269.300	7535.996	1299.000	72.886	92102.667	61.833	50.567	50.900	51.367	11.703	3.003	2.614	6.893	3581.947	1094.300	4.600
6.800	5172.900	284.100	7637.406	1433.667	73.948	92840.667	61.900	54.267	52.233	51.033	11.850	3.060	2.547	6.843	3706.210	1122.267	3.700
6.600	5230.300	293.100	7715.058	1391.000	74.886	93599.667	62.200	56.467	61.600	55.600	11.943	3.243	2.824	7.160	3815.447	1136.067	3.800
6.400	5268.000	304.700	7815.682	1466.667	76.232	94562.000	62.367	58.133	67.000	59.233	11.987	3.987	3.096	7.947	3688.340	1143.167	4.100
6.100	5305.700	304.800	7859.465	1454.333	77.197	95502.333	62.533	58.500	75.700	60.733	12.040	4.477	2.856	8.173	3840.370	1151.000	4.500
5.800	5358.700	304.800	7951.647	1472.000	78.732	96367.000	63.000	58.233	85.233	64.800	12.163	5.280	2.557	8.570	3827.263	1150.600	4.100
5.600	5367.200	301.700	7973.735	1324.000	79.752	97181.000	63.067	54.867	82.200	60.100	12.237	5.737	1.746	8.280	4004.200	1148.500	4.100
5.800	5411.700	293.400	7987.970	1287.333	79.935	97605.000	62.833	48.033	69.900	53.800	12.277	5.597	1.023	7.660	4447.503	1146.300	4.000
5.700	5458.800	303.800	8053.056	1415.333	80.677	98095.333	62.833	48.633	51.967	50.133	12.373	5.367	0.956	7.433	4702.703	1144.300	3.900
5.500	5496.100	312.400	8111.958	1417.333	81.330	98606.000	62.800	46.267	43.767	47.067	12.480	5.260	0.633	6.987	4982.363	1132.933	3.500
5.600	5544.600	321.800	8169.191	1460.667	82.028	99076.000	62.867	46.100	39.667	48.967	12.560	4.930	0.980	7.050	5489.353	1121.500	3.900
5.600	5604.900	336.900	8303.094	1495.667	83.561	99830.000	63.067	50.667	46.533	50.700	12.707	5.020	1.700	7.610	5622.297	1118.833	4.500
5.500	5640.700	339.700	8372.697	1501.333	84.617	100543.667	63.333	50.800	46.933	50.900	12.803	5.097	1.683	7.590	5675.763	1103.367	4.200
5.200	5687.600	337.900	8470.572	1417.000	85.787	101227.667	63.433	52.900	48.000	51.367	12.917	4.977	1.366	7.230	6333.117	1083.767	4.000
5.300	5749.100	340.800	8536.051	1432.667	87.457	101936.000	63.467	53.567	53.600	51.633	13.010	5.060	1.503	7.427	6758.103	1077.367	3.800
5.100	5775.800	346.800	8665.831	1476.000	88.799	102768.667	63.733	54.900	49.233	54.333	13.050	5.047	1.650	7.573	7337.607	1064.500	3.600
4.900	5870.700	351.300	8773.720	1457.667	90.873	103423.667	63.900	55.967	52.367	54.900	13.120	5.047	1.196	7.170	7930.097	1069.400	3.400
4.700	5931.400	357.500	8838.414	1532.000	93.222	104302.667	64.000	55.533	52.633	54.667	13.350	5.090	0.817	6.877	7724.487	1069.400	3.300
4.600	5996.800	365.900	8936.191	1558.667	94.170	105019.333	64.000	53.200	45.567	52.933	13.390	5.053	0.534	6.667	8417.343	1076.600	2.800
4.300	6092.100	378.600	8995.289	1572.333	94.890	105719.333	64.067	50.667	40.300	51.600	13.413	4.977	0.620	6.637	8971.780	1077.167	3.000
4.500	6165.700	392.800	9098.858	1631.333	95.577	106319.333	64.033	49.067	36.733	50.433	13.413	4.823	0.380	6.490	8088.327	1076.667	2.800
4.500	6248.800	406.000	9237.081	1722.333	96.804	106995.000	64.200	47.900	33.700	49.567	13.573	4.253	0.417	6.333	8963.360	1092.100	2.700
4.300	6311.300	413.500	9315.518	1709.333	97.822	107656.667	64.267	51.567	37.133	51.367	13.637	4.407	0.576	6.420	9483.857	1097.533	3.000
4.300	6409.700	421.700	9392.581	1574.333	98.731	108356.667	64.233	54.133	50.933	51.400	13.783	4.453	1.087	6.933	10773.193	1101.400	3.100
4.300	6476.700	427.800	9502.237	1650.667	99.694	108964.667	64.200	55.133	60.633	53.733	13.920	4.650	1.233	7.327	10607.127	1098.000	3.100
4.100	6556.800	436.500	9671.089	1654.667	101.631	109740.333	64.367	57.700	68.100	56.567	14.053	5.043	1.097	7.487	11034.930	1112.200	3.500
4.000	6661.300	448.500	9695.631	1659.000	102.848	110384.667	64.600	55.800	74.233	54.567	14.153	5.520	0.960	7.713	10663.587	1113.167	3.600
3.800	6703.300	448.800	9847.892	1586.667	104.110	110849.333	64.533	53.100	66.600	55.100	14.233	5.713	0.464	7.767	10568.043	1107.500	3.500
4.000	6768.000	443.100	9836.603	1503.667	104.036	111231.667	64.200	50.700	59.967	52.333	14.343	6.017	-0.124	7.607	10796.000	1100.767	3.600
3.900	6825.000	447.200	9887.749	1544.000	103.701	111547.000	64.300	47.033	58.533	51.367	14.547	6.017	-0.450	7.403	10724.540	1092.833	3.800
4.200	6853.100	455.600	9875.576	1605.000	102.247	111604.333	64.333	42.500	56.700	49.233	14.547	4.817	0.233	7.077	10420.473	1102.967	3.400
4.400	6870.300	467.600	9905.911	1630.000	100.888	111094.333	63.833	42.400	45.300	46.567	14.670	3.660	1.610	7.223	10716.437	1120.267	3.900
4.600	6900.500	477.600	9871.060	1599.667	99.377	110519.000	63.467	45.333	37.167	47.000	14.833	3.170	1.810	7.107	9773.373	1164.367	3.100
5.300	7017.600	476.300	9910.034	1570.000	98.048	109620.333	63.033	43.400	32.833	49.300	15.000	1.907	2.863	6.923	9649.423	1173.233	1.500
5.700	7042.200	487.200	9977.280	1723.000	98.610	109085.667	62.833	50.200	45.767	51.500	15.113	1.723	3.354	6.623	10143.357	1191.467	2.600
5.900	7083.500	501.000	10031.568	1691.000	100.126	108843.333	62.767	53.033	62.933	53.767	15.200	1.717	3.383	6.713	9704.910	1189.033	3.100
5.800	7123.200	505.400	10090.666	1697.333	100.697	108687.333	62.800	50.333	64.100	55.033	15.313	1.643	2.617	6.350	8330.673	1193.333	2.800
5.700	7148.200	522.100	10095.771	1729.667	100.567	108708.333	62.533	49.700	56.967	52.800	15.540	1.333	2.674	6.280	8544.917	1211.233	2.700
5.800	7184.900	539.300	10126.007	1736.000	101.230	108470.000	62.467	48.800	64.333	52.733	15.617	1.157	2.763	6.003	7979.007	1234.767	3.200
6.000	7249.300	553.200	10212.691	1753.667	100.483	108253.000	62.333	48.033	57.167	50.100	15.650	1.040	2.580	5.310	8771.930	1265.533	2.600
6.200	7352.900	585.400	10398.723	1889.667	101.168	108306.000	62.067	52.200	54.000	52.633	15.770	0.930	3.303	5.697	9308.227	1292.933	2.800
6.000	7394.300	611.600	10466.951	2035.667	102.098	108635.000	62.200	57.900	62.833	56.767	15.923	0.917	3.370	5.657	10012.500	1300.700	3.000
5.700	7475.100	632.200	10543.621	1918.333	102.756	109002.667	62.267	60.433	81.000	63.700	15.980	0.917	3.103	5.457	10476.563	1319.267	3.100
5.600	7520.500	671.100	10634.232	1937.333	103.263	109675.000	62.333	60.833	85.000	67.367	16.057	1.077	3.523	5.927	10283.167	1335.500	4.000
5.500	7585.500	692.000	10728.671	1977.000	103.777	110000.667	62.400	58.600	78.167	62.367	16.183	1.487	2.816	5.643	10131.300	1351.700	3.300
5.500	7664.300	706.600	10796.408	1965.333	105.261	110527.333	62.400	56.567	74.833	57.100	16.347	2.007	2.166	5.487	10412.833	1371.133	3.400
5.200	7697.500	729.700	10875.827	2071.667	106.654	110935.000	62.400	55.433	69.167	53.967	16.427	2.537	1.760	5.320	10586.643	1370.567	3.600
5.100	7766.400	759.300	10946.117	2051.333	107.147	111596.000	62.700	52.033	59.833	51.867	16.493	2.863	1.297	5.147	10311.653	1367.500	3.900
5.000	7838.100	787.100	11049.980	2100.000	107.034	112249.000	62.833	54.033	63.000	53.567	16.577	3.360	0.853	5.093	10563.737	1373.533	4.300
5.000	7864.900	802.500	11086.107	2068.667	108.005	112778.333	62.767	56.200	73.667	57.000	16.723	3.827	0.663	5.380	10654.480	1375.367	4.600
4.700	7947.400	808.100	11217.261	2120.333	108.853	113551.333	62.967	54.900	64.667	54.033	16.710	4.393	0.177	5.390	10989.197	1381.433	3.700
4.700	8002.100	779.600	11291.674	1855.000	109.547	113968.333	63.067	53.967	75.000	56.467	16.747	4.703	0.367	5.893	11228.557	1380.567	4.500
4.700	8046.300	736.200	11314.057	1702.333	110.069	114277.667	63.067	52.600	70.833	54.400	16.797	4.907	-0.010	5.680	11415.300	1366.667	4.000
4.400	8119.900	704.000	11356.368	1570.000	109.816	114695.667	63.333	51.067	49.333	52.300	16.983	4.903	-0.273	5.387	12255.270	1368.767	3.500
4.600	8197.200	677.000	11357.840	1453.333	110.234	115136.333	63.267	50.800	59.167	52.067	17.067	4.983	-0.303	5.363	12414.890	1369.233	3.600
4.500	8237.300	654.400	11491.351	1460.333	111.092	115349.333	63.000	52.733	70.667	50.000	17.233	4.737	0.110	5.577	13366.390	1374.333	4.200
4.700	8278.500	618.100	11625.746	1297.667	112.078	115381.000	62.867	51.000	62.333	50.800	17.307	4.303	0.427	5.753	13488.453	1367.067	4.100
4.800	8298.200	571.300	11620.739	1151.333	112.169	115670.333	62.800	49.900	66.167	51.967	17.423	3.390	0.870	5.530	13522.183	1367.633	4.100
4.900	8316.100	528.100	11645.968	1053.000	112.285	115525.667	62.767	49.533	78.333	52.667	17.560	2.043	1.620	5.457	12393.213	1370.800	4.200
5.400	8341.300	505.000	11727.351	1025.000	111.315	115022.000	62.533	49.133	87.667	53.833	17.657	1.627	2.260	5.600	12269.487	1377.033	6.400
6.100	8260.600	479.400	11712.429	875.667	108.756	114461.667	62.100	47.400	73.000	52.133	17.757	1.493	2.370	5.653	11257.410	1414.833	NaN
6.900	8186.900	438.700	11599.436	656.000	105.482	113223.333	61.367	36.067	26.833	47.867	17.937	0.297	2.956	5.817	8980.787	1531.733	NaN